0,0,1,0,0.281740
0,0,1,1,0.865395
0,0,1,2,0.817489
0,0,1,3,0.791228
0,0,1,4,0.730921
0,0,2,0,0.507892
0,0,2,1,0.060370
0,0,2,2,0.584426
0,0,2,3,0.530922
0,0,2,4,0.821898
0,1,1,0,0.799239
0,1,1,1,0.349084
0,1,1,2,0.565723
0,1,1,3,0.793088
0,1,1,4,0.880122
0,1,2,0,0.715799
0,1,2,1,0.765336
0,1,2,2,0.353062
0,1,2,3,0.723719
0,1,2,4,0.944806
0,2,1,0,0.716424
0,2,1,1,0.512576
0,2,1,2,0.432635
0,2,1,3,0.716356
0,2,1,4,0.856398
0,2,2,0,0.627690
0,2,2,1,0.701167
0,2,2,2,0.354137
0,2,2,3,0.690934
0,2,2,4,0.916616
0,3,1,0,0.361966
0,3,1,1,0.816327
0,3,1,2,0.781777
0,3,1,3,0.419319
0,3,1,4,0.414364
0,3,2,0,0.567777
0,3,2,1,0.378735
0,3,2,2,0.571907
0,3,2,3,0.087812
0,3,2,4,0.900491
0,4,1,0,0.600644
0,4,1,1,0.879372
0,4,1,2,0.867851
0,4,1,3,0.680142
0,4,1,4,0.205144
0,4,2,0,0.534866
0,4,2,1,0.519190
0,4,2,2,0.762685
0,4,2,3,0.809579
0,4,2,4,0.219637
1,0,2,0,0.308224
1,0,2,1,0.000000
1,0,2,2,0.429816
1,0,2,3,0.617859
1,0,2,4,0.817190
1,1,2,0,0.791528
1,1,2,1,0.885016
1,1,2,2,0.354722
1,1,2,3,0.808956
1,1,2,4,1.000000
1,2,2,0,0.762844
1,2,2,1,0.836403
1,2,2,2,0.371588
1,2,2,3,0.800242
1,2,2,4,0.987263
1,3,2,0,0.634078
1,3,2,1,0.683373
1,3,2,2,0.728962
1,3,2,3,0.812623
1,3,2,4,0.866627
1,4,2,0,0.731187
1,4,2,1,0.688980
1,4,2,2,0.819437
1,4,2,3,0.893981
1,4,2,4,0.136126
