0,0,1,0,0.617840
0,0,1,1,0.912621
0,0,1,2,0.969968
0,0,1,3,0.954089
0,0,1,4,0.820827
0,0,2,0,0.617840
0,0,2,1,0.912621
0,0,2,2,0.971223
0,0,2,3,0.954089
0,1,1,0,0.964989
0,1,1,1,0.551685
0,1,1,2,0.836508
0,1,1,3,0.862508
0,1,1,4,0.967496
0,1,2,0,0.964989
0,1,2,1,0.551685
0,1,2,2,0.832236
0,1,2,3,0.862508
0,2,1,0,0.989110
0,2,1,1,0.930782
0,2,1,2,0.804378
0,2,1,3,0.977180
0,2,1,4,1.000000
0,2,2,0,0.989110
0,2,2,1,0.930782
0,2,2,2,0.750359
0,2,2,3,0.977180
0,3,1,0,0.979746
0,3,1,1,0.907265
0,3,1,2,0.799436
0,3,1,3,0.953664
0,3,1,4,0.981290
0,3,2,0,0.979746
0,3,2,1,0.907265
0,3,2,2,0.747124
0,3,2,3,0.953664
0,4,1,0,0.959839
0,4,1,1,0.610194
0,4,1,2,0.876851
0,4,1,3,0.592818
0,4,1,4,0.980360
0,4,2,0,0.959839
0,4,2,1,0.610194
0,4,2,2,0.863467
0,4,2,3,0.592818
1,0,2,0,0.000000
1,0,2,1,0.940501
1,0,2,2,0.956311
1,0,2,3,0.943764
1,1,2,0,0.940501
1,1,2,1,0.000000
1,1,2,2,0.900544
1,1,2,3,0.597555
1,2,2,0,0.952919
1,2,2,1,0.902714
1,2,2,2,0.115594
1,2,2,3,0.917267
1,3,2,0,0.943764
1,3,2,1,0.597555
1,3,2,2,0.914417
1,3,2,3,0.000000
1,4,2,0,0.819677
1,4,2,1,0.955848
1,4,2,2,0.976424
1,4,2,3,0.967290
