0,0,1,0,0.636274
0,0,1,1,0.931536
0,0,1,2,0.973503
0,0,1,3,0.936389
0,0,1,4,0.862658
0,0,2,0,0.636274
0,0,2,1,0.931536
0,0,2,2,0.965411
0,0,2,3,0.936389
0,0,3,0,0.883343
0,0,3,1,0.919147
0,0,3,2,0.947597
0,0,3,3,0.999299
0,0,3,4,0.954593
0,0,4,0,0.942891
0,0,4,1,0.931536
0,0,4,2,0.973503
0,0,4,3,0.936389
0,1,1,0,0.955312
0,1,1,1,0.544846
0,1,1,2,0.833134
0,1,1,3,0.845594
0,1,1,4,0.975294
0,1,2,0,0.955312
0,1,2,1,0.544846
0,1,2,2,0.822344
0,1,2,3,0.845594
0,1,3,0,0.928252
0,1,3,1,0.638589
0,1,3,2,0.912426
0,1,3,3,0.961243
0,1,3,4,0.893928
0,1,4,0,0.870127
0,1,4,1,0.544846
0,1,4,2,0.833134
0,1,4,3,0.845594
0,2,1,0,0.971821
0,2,1,1,0.898471
0,2,1,2,0.806012
0,2,1,3,0.907835
0,2,1,4,0.965565
0,2,2,0,0.971821
0,2,2,1,0.898471
0,2,2,2,0.750742
0,2,2,3,0.907835
0,2,3,0,0.997788
0,2,3,1,0.922454
0,2,3,2,0.635930
0,2,3,3,0.962418
0,2,3,4,0.756943
0,2,4,0,0.894041
0,2,4,1,0.898471
0,2,4,2,0.806012
0,2,4,3,0.907835
0,3,1,0,0.972920
0,3,1,1,0.890781
0,3,1,2,0.804548
0,3,1,3,0.893750
0,3,1,4,0.969341
0,3,2,0,0.972920
0,3,2,1,0.890781
0,3,2,2,0.753076
0,3,2,3,0.893750
0,3,3,0,0.988910
0,3,3,1,0.897370
0,3,3,2,0.642947
0,3,3,3,0.953260
0,3,3,4,0.930496
0,3,4,0,0.893092
0,3,4,1,0.890781
0,3,4,2,0.804548
0,3,4,3,0.893750
0,4,1,0,0.909190
0,4,1,1,0.630981
0,4,1,2,0.887393
0,4,1,3,0.500193
0,4,1,4,0.981200
0,4,2,0,0.909190
0,4,2,1,0.630981
0,4,2,2,0.865447
0,4,2,3,0.500193
0,4,3,0,0.955795
0,4,3,1,0.917741
0,4,3,2,0.742356
0,4,3,3,0.990297
0,4,3,4,0.921143
0,4,4,0,0.521584
0,4,4,1,0.630981
0,4,4,2,0.887393
0,4,4,3,0.500193
1,0,2,0,0.000000
1,0,2,1,0.936051
1,0,2,2,0.947405
1,0,2,3,0.903513
1,0,3,0,0.392935
1,0,3,1,0.938615
1,0,3,2,0.930246
1,0,3,3,1.000000
1,0,3,4,0.930919
1,0,4,0,0.937070
1,0,4,1,0.936051
1,0,4,2,0.960151
1,0,4,3,0.903513
1,1,2,0,0.936051
1,1,2,1,0.000000
1,1,2,2,0.909067
1,1,2,3,0.615317
1,1,3,0,0.905897
1,1,3,1,0.291611
1,1,3,2,0.860387
1,1,3,3,0.965345
1,1,3,4,0.905418
1,1,4,0,0.636441
1,1,4,1,0.000000
1,1,4,2,0.926214
1,1,4,3,0.615317
1,2,2,0,0.960151
1,2,2,1,0.926214
1,2,2,2,0.110382
1,2,2,3,0.927837
1,2,3,0,0.975520
1,2,3,1,0.921365
1,2,3,2,0.689675
1,2,3,3,0.978701
1,2,3,4,0.823850
1,2,4,0,0.928784
1,2,4,1,0.926214
1,2,4,2,0.000000
1,2,4,3,0.927837
1,3,2,0,0.903513
1,3,2,1,0.615317
1,3,2,2,0.912503
1,3,2,3,0.000000
1,3,3,0,0.956036
1,3,3,1,0.906928
1,3,3,2,0.545234
1,3,3,3,0.992381
1,3,3,4,0.938253
1,3,4,0,0.401899
1,3,4,1,0.615317
1,3,4,2,0.927837
1,3,4,3,0.000000
1,4,2,0,0.853859
1,4,2,1,0.993036
1,4,2,2,0.992124
1,4,2,3,0.983296
1,4,3,0,0.985632
1,4,3,1,0.994257
1,4,3,2,0.973618
1,4,3,3,0.931500
1,4,3,4,0.810634
1,4,4,0,0.995470
1,4,4,1,0.993036
1,4,4,2,0.994946
1,4,4,3,0.983296
2,0,3,0,0.392935
2,0,3,1,0.938615
2,0,3,2,0.930246
2,0,3,3,1.000000
2,0,3,4,0.930919
2,0,4,0,0.937070
2,0,4,1,0.936051
2,0,4,2,0.960151
2,0,4,3,0.903513
2,1,3,0,0.905897
2,1,3,1,0.291611
2,1,3,2,0.860387
2,1,3,3,0.965345
2,1,3,4,0.905418
2,1,4,0,0.636441
2,1,4,1,0.000000
2,1,4,2,0.926214
2,1,4,3,0.615317
2,2,3,0,0.968914
2,2,3,1,0.915398
2,2,3,2,0.584338
2,2,3,3,0.983741
2,2,3,4,0.775171
2,2,4,0,0.912752
2,2,4,1,0.909067
2,2,4,2,0.110382
2,2,4,3,0.912503
2,3,3,0,0.956036
2,3,3,1,0.906928
2,3,3,2,0.545234
2,3,3,3,0.992381
2,3,3,4,0.938253
2,3,4,0,0.401899
2,3,4,1,0.615317
2,3,4,2,0.927837
2,3,4,3,0.000000
3,0,4,0,0.989592
3,0,4,1,0.905897
3,0,4,2,0.975520
3,0,4,3,0.956036
3,1,4,0,0.928052
3,1,4,1,0.291611
3,1,4,2,0.921365
3,1,4,3,0.906928
3,2,4,0,0.815061
3,2,4,1,0.860387
3,2,4,2,0.689675
3,2,4,3,0.545234
3,3,4,0,0.990422
3,3,4,1,0.965345
3,3,4,2,0.978701
3,3,4,3,0.992381
3,4,4,0,0.952890
3,4,4,1,0.905418
3,4,4,2,0.823850
3,4,4,3,0.938253
