0,0,1,0,0.5512
0,0,1,1,0.7988
0,0,1,2,0.8812
0,0,1,3,0.8535
0,0,1,4,0.7457
0,0,2,0,0.5512
0,0,2,1,0.7988
0,0,2,2,0.8853
0,0,2,3,0.8535
0,1,1,0,0.8671
0,1,1,1,0.5340
0,1,1,2,0.7807
0,1,1,3,0.7868
0,1,1,4,0.8988
0,1,2,0,0.8671
0,1,2,1,0.5340
0,1,2,2,0.7742
0,1,2,3,0.7868
0,2,1,0,0.9247
0,2,1,1,0.8685
0,2,1,2,0.7567
0,2,1,3,0.9159
0,2,1,4,1.0000
0,2,2,0,0.9247
0,2,2,1,0.8685
0,2,2,2,0.7090
0,2,2,3,0.9159
0,3,1,0,0.9141
0,3,1,1,0.8325
0,3,1,2,0.7522
0,3,1,3,0.8683
0,3,1,4,0.9738
0,3,2,0,0.9141
0,3,2,1,0.8325
0,3,2,2,0.7084
0,3,2,3,0.8683
0,4,1,0,0.8279
0,4,1,1,0.5339
0,4,1,2,0.7040
0,4,1,3,0.5070
0,4,1,4,0.9169
0,4,2,0,0.8279
0,4,2,1,0.5339
0,4,2,2,0.6875
0,4,2,3,0.5070
1,0,2,0,0.0000
1,0,2,1,0.7727
1,0,2,2,0.8958
1,0,2,3,0.7999
1,1,2,0,0.7727
1,1,2,1,0.0000
1,1,2,2,0.7777
1,1,2,3,0.5061
1,2,2,0,0.8772
1,2,2,1,0.7796
1,2,2,2,0.1060
1,2,2,3,0.7603
1,3,2,0,0.7999
1,3,2,1,0.5061
1,3,2,2,0.7644
1,3,2,3,0.0000
1,4,2,0,0.7412
1,4,2,1,0.8881
1,4,2,2,0.9122
1,4,2,3,0.8957
