37519
37426
37197
37035
37017
36994
36951
36902
36885
36853
36770
36703
36701
36633
36629
36535
36520
36468
36467
36449
36404
36389
36381
36338
36203
36194
36184
36171
36144
36142
36138
36088
36071
35996
35991
35987
35971
35943
35879
35822
35758
35713
35652
35517
35505
35499
35498
35493
35421
35413
35400
35396
35327
35279
35233
35098
35039
34998
34988
34954
34944
34916
34866
34857
34804
34781
34732
34695
34659
34638
34595
34575
34478
34459
34450
34449
34396
34306
34305
34281
34220
34108
33996
33987
33963
33961
33914
33903
33871
33866
33840
33709
33572
33551
33546
33545
32947
32594
32561
32528
32509
32461
32452
32407
32385
32208
31336
31335
31324
31242
30711
30367
30168
30122
30103
29950
29700
29685
29291
29275
28869
28824
28802
28715
28714
28677
28625
28619
28618
28611
28601
28598
28594
28590
28582
28570
28568
28562
28557
28534
28530
28528
28521
28518
28515
28454
28440
28416
28409
28397
28354
28352
28299
28109
28094
28062
27975
27963
27960
27773
27772
27762
27712
27660
27528
27522
27487
27094
26990
26829
26757
26727
26723
26696
26695
26694
26594
26565
26549
26546
26511
26461
26389
26280
26254
26137
26112
26097
26065
25992
25909
25877
25871
25857
25822
25791
25759
25678
25638
25573
25515
25478
25455
25425
25387
25383
25312
25304
25269
25218
25163
25157
25083
25044
25029
24974
24937
24923
24913
24895
24817
24791
24770
24764
24665
24654
24533
24532
24508
24473
24428
24425
24372
24351
24309
24219
24191
24184
24155
24145
24123
24116
24075
24066
24065
24046
24016
23949
23898
23889
23733
23693
23670
23606
23590
23552
23531
23466
23435
23321
23315
23140
23097
23075
22983
22960
22951
22925
22897
22889
22865
22861
22656
22588
22535
22528
22504
22494
22492
22489
22488
22487
22476
22471
22417
22324
22238
22174
22153
22082
22061
21938
21919
21822
21816
21787
21777
21775
21756
21755
21753
21752
21751
21740
21739
21732
21721
21681
21677
21651
21630
21625
21601
21574
21573
21569
21564
21537
21519
21484
21481
21453
21452
21394
21382
21376
21345
21343
21330
21316
21312
21298
21284
21280
21272
21267
21219
21211
21206
21202
21197
21174
21167
21165
21159
21127
21126
21118
21111
21081
21074
21067
21066
21061
21035
21021
21007
20999
20996
20990
20985
20968
20960
20942
20894
20886
20851
20838
20825
20749
20690
20663
20643
20624
20592
20564
20555
20553
20483
20476
20465
20444
20442
20388
20383
20345
20325
20300
20289
20261
20222
20203
20197
20181
20174
20165
20137
20135
20134
20130
20129
20128
20127
20126
20125
20124
20122
20117
20116
20115
20114
20113
20112
20109
20090
20089
20069
20034
20031
20024
20019
20012
20008
20001
19995
19984
19974
19969
19961
19956
19952
19948
19944
19938
19936
19933
19874
19854
19843
19839
19835
19829
19828
19815
19809
19804
19797
19787
19752
19722
19720
19690
19674
19658
19653
19646
19623
19618
19582
19553
19523
19491
19465
19455
19453
19444
19415
19414
19357
19331
19330
19329
19327
19326
19325
19323
19322
19310
19292
19235
19222
19219
19213
19212
19176
19171
19152
19133
19125
19110
19081
19026
19006
19005
18983
18870
18868
18807
18783
18773
18767
18758
18753
18734
18728
18722
18707
18697
18674
18656
18624
18602
18601
18589
18587
18583
18576
18562
18553
18523
18515
18498
18487
18475
18465
18454
18453
18431
18421
18397
18367
18365
18338
18327
18306
18299
18284
18253
18239
18189
18174
18108
18107
18058
18049
18043
18020
17988
17975
17950
17898
17791
17772
17771
17769
17740
17718
17705
17684
17650
17631
17627
17562
17561
17541
17514
17509
17502
17463
17457
17394
17376
17356
17339
17326
17313
17310
17280
17272
17261
17170
17148
17103
17078
17068
17061
16988
16978
16948
16932
16924
16922
16850
16841
16823
16777
16718
16712
16659
16657
16620
16597
16591
16583
16582
16581
16557
16513
16490
16487
16476
16473
16467
16464
16449
16448
16392
16326
16281
16259
16256
16251
16235
16216
16203
16156
16152
16141
16136
16125
16120
16045
16044
15999
15994
15972
15904
15763
15604
15584
15537
15527
15520
15519
15510
15437
15432
15427
15425
15418
15401
15343
15324
15314
15292
15277
15260
15252
15251
15250
15150
15140
15139
15138
15136
15087
15084
15060
15058
15041
15040
15031
15030
15026
14985
14957
14918
14906
14875
14856
14855
14829
14828
14827
14823
14819
14757
14753
14740
14737
14722
14711
14700
14695
14686
14653
14651
14650
14649
14641
14629
14601
14597
14554
14546
14517
14507
14476
14460
14431
14413
14397
14384
14338
14301
14282
14230
14225
14221
14203
14197
14165
14158
14157
14115
14110
14103
14096
14074
14067
14063
13991
13987
13900
13851
13808
13788
13762
13738
13737
13727
13722
13685
13644
13610
13607
13604
13563
13519
13442
13410
13394
13379
13350
13331
13325
13322
13321
13308
13247
13246
13224
13166
13141
13134
13131
13108
13091
13066
13060
13055
13015
13011
13002
12988
12984
12980
12877
12788
12787
12786
12770
12757
12746
12739
12735
12722
12706
12690
12660
12628
12623
12617
12604
12595
12591
12585
12566
12561
12560
12559
12529
12516
12487
12484
12419
12416
12378
12370
12361
12349
12337
12277
12201
12200
12199
12198
12186
12174
12159
12137
12114
12105
12093
12075
12058
12057
12056
12055
12054
12053
12052
12051
12050
12049
12048
12047
12046
12045
12044
12043
12042
12041
12040
12039
12038
12037
12028
12025
12024
12023
12022
12021
12017
12014
12005
11920
11906
11837
11817
11816
11792
11777
11765
11760
11741
11704
11687
11660
11657
11653
11649
11643
11639
11630
11588
11585
11571
11559
11544
11543
11530
11529
11528
11519
11516
11494
11445
11416
11398
11397
11396
11384
11370
11369
11357
11333
11318
11316
11310
11308
11271
11251
11233
11226
11207
11188
11187
11163
11158
11128
11123
11113
11067
11054
11047
11044
11035
11026
10989
10982
10932
10918
10899
10885
10876
10838
10837
10800
10784
10777
10767
10751
10718
10716
10691
10689
10687
10669
10665
10633
10630
10614
10611
10572
10540
10523
10516
10437
10435
10434
10433
10421
10382
10334
10308
10307
10259
10258
10229
10217
10206
10189
10152
10148
10124
10104
10091
10086
10008
9997
9976
9867
9865
9860
9843
9835
9810
9806
9782
9767
9755
9754
9738
9719
9686
9685
9681
9656
9618
9608
9605
9548
9539
9498
9466
9464
9460
9442
9424
9345
9326
9321
9316
9301
9276
9275
9246
9223
9185
9131
9123
9118
9112
9110
9108
9107
9066
9049
9044
9031
9030
9026
9009
9004
8989
8946
8943
8934
8901
8887
8884
8870
8819
8816
8785
8779
8776
8775
8749
8737
8736
8735
8733
8721
8668
8657
8651
8630
8625
8610
8609
8572
8556
8537
8511
8510
8476
8473
8436
8435
8417
8416
8403
8390
8389
8380
8361
8356
8353
8334
8306
8301
8295
8288
8287
8283
8280
8269
8268
8250
8230
8177
8162
8151
8133
8109
8105
8102
8096
8095
8072
8069
8061
8015
7999
7986
7970
7948
7902
7877
7797
7700
7661
7646
7625
7616
7606
7604
7581
7564
7550
7546
7508
7506
7503
7495
7473
7459
7457
7451
7450
7402
7395
7377
7340
7289
7272
7263
7248
7247
7220
7219
7217
7216
7168
7167
7157
7067
6865
6782
6780
6750
6728
6693
6673
6653
6619
6599
6596
6595
6594
6584
6577
6573
6518
6506
6503
6453
6415
6399
6396
6391
6371
6370
6339
6337
6333
6318
6290
6288
6285
6282
6249
6243
6206
6197
6180
6140
6116
6113
6112
6109
6085
6055
6043
6038
6011
6006
5996
5973
5968
5967
5966
5955
5940
5933
5927
5921
5915
5908
5891
5887
5873
5864
5863
5811
5792
5766
5743
5639
5632
5621
5618
5598
5555
5494
5467
5420
5419
5416
5399
5330
5319
5295
5242
5232
5214
5129
5128
5041
5040
5037
4975
4966
4964
4959
4946
4917
4916
4904
4881
4870
4842
4805
4739
4661
4659
4634
4629
4618
4602
4586
4583
4566
4555
4554
4544
4455
4425
4409
4400
4389
4377
4331
4330
4328
4326
4242
4218
4206
4184
4115
4112
4105
4082
4073
4068
4044
4043
4037
4003
3986
3968
3958
3957
3956
3951
3918
3912
3900
3890
3884
3877
3862
3848
3794
3779
3756
3736
3734
3719
3716
3713
3701
3697
3696
3680
3679
3676
3663
3633
3621
3620
3615
3607
3604
3603
3602
3601
3578
3566
3550
3541
3533
3461
3446
3438
3418
3414
3401
3397
3384
3363
3343
3321
3273
3270
3263
3261
3241
3239
3237
3236
3235
3234
3226
3219
3187
3150
3144
3134
3096
3076
3062
3052
3028
3026
2957
2956
2947
2935
2934
2932
2928
2919
2918
2910
2900
2868
2854
2822
2818
2809
2804
2766
2724
2715
2697
2684
2669
2662
2646
2628
2599
2581
2564
2539
2464
2455
2394
2361
2360
2347
2322
2278
2262
2251
2249
2226
2167
2146
2078
2052
1977
1949
1932
1862
1825
1814
1775
1716
1617
1615
1572
1412
1411
1397
1389
1293
1290
1285
1279
1278
1273
1263
1212
1198
1175
1170
1161
1102
1097
1095
1076
1047
1029
1023
869
513
363
172
66
14